Some((
    red: 0.6117647,
    green: 0.627451,
    blue: 0.6901961,
))