Some((
    red: 0.7155565,
    green: 0.7499491,
    blue: 0.8651029,
))