Some((
    red: 0.42352942,
    green: 0.4392157,
    blue: 0.5254902,
))