Some((
    red: 0.8627451,
    green: 0.8784314,
    blue: 0.9098039,
    alpha: 1.0,
))